0 0.43581699346405234 0.43348148148148147 0.12617647058823533 0.3237283950617284
0 0.3391503267973856 0.42318518518518516 0.1234640522875818 0.30864197530864196
0 0.26424836601307194 0.405358024691358 0.11346405228758179 0.262
0 0.27333333333333326 0.6474567901234568 0.1316339869281045 0.31824691358024687
0 0.8030065359477125 0.44649382716049385 0.11075163398692806 0.27298765432098765
0 0.7421895424836602 0.4286666666666667 0.11256535947712416 0.2757283950617284
0 0.663218954248366 0.42797530864197536 0.09622549019607841 0.252395061728395
0 0.8570261437908496 0.43004938271604937 0.10439542483660147 0.262
2 0.8779084967320261 0.6728395061728395 0.16066993464052276 0.204395061728395
4 0.5715359477124182 0.7187901234567902 0.5301307189542485 0.2743456790123457
0 0.10447712418300663 0.3717530864197531 0.10983660130718959 0.25513580246913575
0 0.5719934640522876 0.44239506172839504 0.12617647058823533 0.2702222222222222