0 0.5641830065359477 0.43348148148148147 0.12617647058823533 0.3237283950617284
0 0.6608496732026143 0.42318518518518516 0.1234640522875818 0.30864197530864196
0 0.7357516339869281 0.405358024691358 0.11346405228758179 0.262
0 0.7266666666666667 0.6474567901234568 0.1316339869281045 0.31824691358024687
0 0.1969934640522876 0.44649382716049385 0.11075163398692808 0.27298765432098765
0 0.25781045751633985 0.4286666666666667 0.11256535947712416 0.2757283950617284
0 0.33678104575163403 0.42797530864197536 0.09622549019607841 0.25239506172839504
0 0.14297385620915032 0.43004938271604937 0.1043954248366013 0.262
2 0.12209150326797386 0.6728395061728395 0.16066993464052284 0.204395061728395
4 0.4284640522875817 0.7187901234567902 0.5301307189542485 0.2743456790123457
0 0.8955228758169934 0.3717530864197531 0.10983660130718959 0.25513580246913575
0 0.42800653594771243 0.44239506172839504 0.12617647058823533 0.2702222222222222