0 0.43581699346405234 0.5665185185185185 0.12617647058823533 0.3237283950617284
0 0.3391503267973856 0.5768148148148149 0.1234640522875818 0.30864197530864196
0 0.26424836601307194 0.5946419753086419 0.11346405228758179 0.262
0 0.27333333333333326 0.35254320987654314 0.1316339869281045 0.31824691358024687
0 0.8030065359477125 0.5535061728395061 0.11075163398692806 0.27298765432098765
0 0.7421895424836602 0.5713333333333332 0.11256535947712416 0.2757283950617286
0 0.663218954248366 0.5720246913580247 0.09622549019607841 0.252395061728395
0 0.8570261437908496 0.5699506172839506 0.10439542483660147 0.262
2 0.8779084967320261 0.3271604938271605 0.16066993464052276 0.204395061728395
4 0.5715359477124182 0.28120987654320984 0.5301307189542485 0.2743456790123457
0 0.10447712418300663 0.6282469135802469 0.10983660130718959 0.2551358024691359
0 0.5719934640522876 0.557604938271605 0.12617647058823533 0.2702222222222222