0 0.613202614379085 0.3948774509803922 0.1733823529411765 0.2614460784313726
0 0.4266503267973856 0.38262254901960785 0.20333333333333337 0.3077450980392157
0 0.29230392156862745 0.38534313725490194 0.13071895424836602 0.21514705882352944
0 0.17383986928104575 0.3894362745098039 0.11892156862745099 0.22874999999999995
0 0.5523856209150327 0.6052450980392157 0.12073529411764704 0.21377450980392163
0 0.6490522875816994 0.614779411764706 0.1289052287581699 0.2382843137254901
0 0.7525490196078432 0.5868627450980393 0.12163398692810448 0.25325980392156866
0 0.7552614379084968 0.3799019607843137 0.11982026143790857 0.20424019607843133
0 0.8687418300653594 0.3901225490196078 0.09985294117647052 0.25735294117647056
0 0.26370915032679737 0.6413480392156863 0.10983660130718956 0.20970588235294124
0 0.3503921568627451 0.5909558823529412 0.10893790849673206 0.20696078431372555
0 0.4393627450980392 0.628406862745098 0.13797385620915037 0.2546323529411764