0 0.3867973856209151 0.6051225490196078 0.1733823529411765 0.26144607843137274
0 0.5733496732026143 0.6173774509803921 0.20333333333333342 0.30774509803921557
0 0.7076960784313726 0.614656862745098 0.13071895424836602 0.2151470588235295
0 0.8261601307189542 0.6105637254901961 0.11892156862745093 0.22874999999999981
0 0.4476143790849673 0.39475490196078433 0.12073529411764704 0.21377450980392163
0 0.3509477124183006 0.3852205882352941 0.1289052287581699 0.2382843137254901
0 0.24745098039215685 0.4131372549019608 0.12163398692810448 0.2532598039215687
0 0.24473856209150321 0.6200980392156863 0.11982026143790857 0.2042401960784312
0 0.1312581699346406 0.6098774509803923 0.09985294117647052 0.25735294117647056
0 0.7362908496732027 0.35865196078431366 0.10983660130718959 0.20970588235294133
0 0.649607843137255 0.4090441176470588 0.10893790849673196 0.20696078431372564
0 0.5606372549019608 0.371593137254902 0.13797385620915043 0.2546323529411764