1 0.9395424836601307 0.36002450980392153 0.0962254901960786 0.1307107843137256
0 0.49473856209150324 0.5812990196078431 0.15068627450980396 0.26007352941176476
0 0.341781045751634 0.5486029411764706 0.142516339869281 0.2655147058823529
0 0.23828431372549022 0.5179656862745099 0.10983660130718949 0.24509803921568626
1 0.27504901960784317 0.5261519607843137 0.052647058823529366 0.0816911764705882
4 0.8560294117647058 0.30215686274509795 0.22694444444444462 0.20289215686274503
2 0.8855228758169935 0.5268137254901961 0.12617647058823533 0.23284313725490197
2 0.2677941176470588 0.27424019607843136 0.09985294117647062 0.24781862745098043
0 0.6926307189542483 0.34164215686274507 0.14705882352941177 0.29274509803921583
0 0.7666176470588235 0.5758333333333333 0.14978758169934633 0.2546323529411764
0 0.4552450980392157 0.31031862745098043 0.140702614379085 0.2627941176470589
0 0.3517647058823529 0.3130392156862746 0.1116503267973856 0.2737009803921568