1 0.9395424836601307 0.6399754901960785 0.0962254901960786 0.13071078431372551
0 0.49473856209150324 0.4187009803921569 0.15068627450980396 0.26007352941176476
0 0.341781045751634 0.4513970588235294 0.142516339869281 0.2655147058823529
0 0.23828431372549022 0.48203431372549016 0.10983660130718952 0.24509803921568626
1 0.27504901960784317 0.4738480392156863 0.052647058823529366 0.0816911764705882
4 0.8560294117647058 0.697843137254902 0.2269444444444445 0.20289215686274503
2 0.8855228758169935 0.47318627450980394 0.12617647058823533 0.23284313725490197
2 0.2677941176470588 0.7257598039215687 0.09985294117647062 0.24781862745098043
0 0.6926307189542483 0.658357843137255 0.14705882352941177 0.2927450980392157
0 0.7666176470588235 0.4241666666666667 0.14978758169934633 0.2546323529411764
0 0.4552450980392157 0.6896813725490196 0.140702614379085 0.2627941176470589
0 0.3517647058823529 0.6869607843137254 0.1116503267973856 0.27370098039215685