1 0.06045751633986928 0.36002450980392153 0.0962254901960786 0.1307107843137256
0 0.5052614379084968 0.5812990196078431 0.15068627450980396 0.26007352941176476
0 0.6582189542483661 0.5486029411764706 0.14251633986928108 0.2655147058823529
0 0.7617156862745097 0.5179656862745099 0.10983660130718959 0.24509803921568626
1 0.7249509803921568 0.5261519607843137 0.052647058823529456 0.0816911764705882
4 0.14397058823529413 0.30215686274509795 0.2269444444444445 0.20289215686274503
2 0.11447712418300644 0.5268137254901961 0.12617647058823533 0.23284313725490197
2 0.7322058823529412 0.27424019607843136 0.09985294117647062 0.24781862745098043
0 0.3073692810457517 0.34164215686274507 0.14705882352941177 0.29274509803921583
0 0.23338235294117646 0.5758333333333333 0.14978758169934633 0.2546323529411764
0 0.5447549019607842 0.31031862745098043 0.140702614379085 0.2627941176470589
0 0.6482352941176471 0.3130392156862746 0.1116503267973855 0.2737009803921568