3 0.5252380952380952 0.8247407407407408 0.18613756613756618 0.2764444444444444
3 0.7226984126984127 0.7771111111111111 0.1464550264550265 0.26588888888888895
3 0.8162433862433863 0.7354444444444445 0.11055555555555546 0.17459259259259255
3 0.8903968253968254 0.7242222222222223 0.09825396825396822 0.17592592592592593
3 0.25547619047619047 0.7837407407407407 0.24944444444444436 0.26851851851851855
3 0.6825396825396826 0.3697037037037037 0.20785714285714268 0.21296296296296297
3 0.49404761904761907 0.35118518518518516 0.1351058201058201 0.18651851851851856
3 0.3801851851851853 0.3551481481481481 0.13227513227513227 0.16800000000000004
0 0.16666666666666666 0.46229629629629626 0.15873015873015872 0.2182592592592593
0 0.7756084656084656 0.41337037037037044 0.08219576719576732 0.19974074074074077
0 0.8620634920634921 0.46229629629629626 0.10203703703703687 0.2023703703703703