3 0.4747619047619048 0.17525925925925925 0.18613756613756618 0.27644444444444444
3 0.27730158730158727 0.2228888888888889 0.1464550264550265 0.2658888888888889
3 0.18375661375661373 0.2645555555555556 0.11055555555555553 0.17459259259259258
3 0.1096031746031746 0.27577777777777773 0.09825396825396826 0.17592592592592593
3 0.7445238095238096 0.21625925925925926 0.2494444444444444 0.26851851851851855
3 0.31746031746031744 0.6302962962962964 0.20785714285714285 0.21296296296296297
3 0.5059523809523809 0.6488148148148148 0.1351058201058201 0.18651851851851856
3 0.6198148148148147 0.6448518518518519 0.1322751322751322 0.16800000000000004
0 0.8333333333333334 0.5377037037037037 0.15873015873015872 0.2182592592592593
0 0.22439153439153436 0.5866296296296296 0.08219576719576718 0.19974074074074077
0 0.13793650793650794 0.5377037037037037 0.10203703703703702 0.2023703703703703