2 0.3991272727272727 0.6344565217391305 0.2199272727272727 0.4205434782608695
2 0.5961090909090909 0.664836956521739 0.2259636363636363 0.4477173913043478
2 0.7636363636363637 0.7069021739130434 0.17316363636363638 0.363586956521739
2 0.9108363636363636 0.6972282608695651 0.14890909090909088 0.3933695652173913
2 0.22469090909090908 0.6344565217391304 0.19309090909090912 0.3688043478260869
2 0.08916363636363636 0.65 0.15410909090909092 0.3584239130434782
2 0.27836363636363637 0.34521739130434786 0.13767272727272722 0.2795108695652174
2 0.40778181818181825 0.3413586956521739 0.14025454545454544 0.30277173913043465
2 0.5277090909090909 0.35364130434782604 0.12381818181818185 0.2626630434782608
2 0.6618909090909091 0.35364130434782604 0.1290181818181819 0.2730434782608696
2 0.7887272727272727 0.3698369565217392 0.1333454545454546 0.33385869565217396
2 0.15280000000000002 0.3594565217391305 0.1670909090909091 0.29244565217391305
2 0.9077818181818181 0.3924456521739131 0.14287272727272715 0.2782065217391304