2 0.3991272727272727 0.3655434782608696 0.2199272727272727 0.4205434782608695
2 0.5961090909090909 0.33516304347826087 0.2259636363636363 0.4477173913043478
2 0.7636363636363637 0.2930978260869565 0.17316363636363638 0.36358695652173917
2 0.9108363636363636 0.3027717391304348 0.14890909090909088 0.3933695652173913
2 0.22469090909090908 0.3655434782608696 0.19309090909090912 0.3688043478260869
2 0.08916363636363636 0.35000000000000003 0.15410909090909092 0.3584239130434782
2 0.27836363636363637 0.6547826086956521 0.13767272727272725 0.27951086956521737
2 0.40778181818181825 0.6586413043478261 0.1402545454545455 0.30277173913043476
2 0.5277090909090909 0.646358695652174 0.12381818181818185 0.2626630434782608
2 0.6618909090909091 0.646358695652174 0.1290181818181819 0.2730434782608696
2 0.7887272727272727 0.6301630434782608 0.1333454545454546 0.33385869565217385
2 0.15280000000000002 0.6405434782608694 0.1670909090909091 0.292445652173913
2 0.9077818181818181 0.6075543478260869 0.14287272727272723 0.27820652173913035