2 0.6008727272727273 0.6344565217391305 0.2199272727272728 0.4205434782608695
2 0.4038909090909091 0.664836956521739 0.2259636363636363 0.4477173913043478
2 0.23636363636363636 0.7069021739130434 0.17316363636363638 0.363586956521739
2 0.0891636363636364 0.6972282608695651 0.14890909090909088 0.3933695652173913
2 0.775309090909091 0.6344565217391304 0.19309090909090917 0.3688043478260869
2 0.9108363636363637 0.65 0.1541090909090909 0.3584239130434782
2 0.7216363636363636 0.34521739130434786 0.13767272727272734 0.2795108695652174
2 0.5922181818181818 0.3413586956521739 0.14025454545454544 0.30277173913043465
2 0.4722909090909091 0.35364130434782604 0.12381818181818185 0.2626630434782608
2 0.33810909090909086 0.35364130434782604 0.1290181818181819 0.2730434782608696
2 0.21127272727272725 0.3698369565217392 0.1333454545454546 0.33385869565217396
2 0.8472 0.3594565217391305 0.16709090909090904 0.29244565217391305
2 0.09221818181818187 0.3924456521739131 0.14287272727272723 0.2782065217391304