2 0.5813471502590675 0.6785057471264367 0.1693782383419689 0.15536398467432955
2 0.4450777202072539 0.6794252873563219 0.16170984455958554 0.1685823754789272
2 0.3075647668393782 0.6931034482758621 0.13626943005181352 0.14314176245210733
2 0.20632124352331607 0.7062835249042145 0.13751295336787567 0.12808429118773948
2 0.1388082901554404 0.7039080459770115 0.0687564766839378 0.11582375478927211
2 0.7087046632124352 0.6963984674329502 0.11844559585492236 0.11582375478927211
2 0.8144041450777202 0.6855555555555556 0.13119170984455955 0.1355938697318007
2 0.8997409326424871 0.7062835249042145 0.12352331606217604 0.1242911877394636
2 0.4794818652849741 0.8400000000000001 0.108238341968912 0.1242911877394636
2 0.38124352331606215 0.8551724137931034 0.09860103626943006 0.11846743295019163
2 0.5763730569948187 0.8457471264367816 0.13062176165803113 0.11908045977011489
2 0.6651295336787565 0.8384674329501915 0.10435233160621754 0.12394636015325679
2 0.749740932642487 0.8320689655172413 0.11585492227979281 0.13547892720306517
2 0.8278238341968912 0.8345210727969349 0.10108808290155435 0.10632183908045977
2 0.297461139896373 0.8466666666666667 0.10186528497409325 0.12333333333333332
2 0.21979274611398963 0.8329885057471265 0.10108808290155442 0.10329501915708804