2 0.41865284974093253 0.3214942528735632 0.1693782383419689 0.15536398467432955
2 0.5549222797927461 0.3205747126436781 0.16170984455958554 0.1685823754789272
2 0.6924352331606217 0.30689655172413793 0.13626943005181352 0.14314176245210733
2 0.793678756476684 0.2937164750957854 0.13751295336787575 0.12808429118773948
2 0.8611917098445596 0.2960919540229885 0.06875647668393772 0.11582375478927211
2 0.29129533678756475 0.30360153256704986 0.11844559585492236 0.11582375478927211
2 0.18559585492227976 0.3144444444444444 0.13119170984455955 0.1355938697318007
2 0.10025906735751293 0.2937164750957854 0.12352331606217604 0.1242911877394636
2 0.5205181347150258 0.15999999999999998 0.108238341968912 0.1242911877394636
2 0.6187564766839379 0.1448275862068966 0.09860103626943006 0.11846743295019163
2 0.4236269430051814 0.15425287356321835 0.13062176165803113 0.11908045977011489
2 0.3348704663212435 0.16153256704980842 0.10435233160621754 0.12394636015325679
2 0.250259067357513 0.16793103448275867 0.11585492227979281 0.13547892720306517
2 0.17217616580310877 0.16547892720306512 0.10108808290155435 0.10632183908045977
2 0.702538860103627 0.15333333333333338 0.10186528497409339 0.12333333333333332
2 0.7802072538860103 0.16701149425287357 0.10108808290155435 0.10329501915708804