0 0.4307272727272727 0.6687431693989071 0.1341818181818181 0.3070491803278688
0 0.5623272727272727 0.664863387978142 0.12727272727272726 0.30967213114754094
0 0.7411272727272727 0.35453551912568304 0.14370909090909084 0.29273224043715845
0 0.5692727272727273 0.33890710382513667 0.1757454545454547 0.3551912568306011
0 0.3844 0.34153005464480873 0.2025818181818181 0.3968306010928962
0 0.23378181818181815 0.33765027322404373 0.15065454545454549 0.3057377049180328
0 0.30476363636363635 0.6655191256830603 0.12639999999999996 0.32655737704918025
0 0.698690909090909 0.658360655737705 0.14890909090909088 0.31224043715847005
0 0.1774909090909091 0.6908743169398908 0.1108363636363637 0.3304918032786886
0 0.08658181818181819 0.6947540983606557 0.09178181818181821 0.2602185792349727
0 0.8151636363636364 0.6687431693989071 0.14803636363636377 0.33825136612021844
0 0.9441454545454545 0.6492349726775957 0.11167272727272741 0.3408743169398907