0 0.5692727272727273 0.6687431693989071 0.1341818181818181 0.3070491803278688
0 0.4376727272727273 0.664863387978142 0.12727272727272726 0.30967213114754094
0 0.25887272727272725 0.35453551912568304 0.14370909090909095 0.29273224043715845
0 0.43072727272727274 0.33890710382513667 0.1757454545454546 0.3551912568306011
0 0.6155999999999999 0.34153005464480873 0.2025818181818181 0.3968306010928962
0 0.7662181818181818 0.33765027322404373 0.15065454545454549 0.3057377049180328
0 0.6952363636363637 0.6655191256830603 0.12639999999999996 0.32655737704918025
0 0.3013090909090909 0.658360655737705 0.14890909090909096 0.31224043715847005
0 0.8225090909090909 0.6908743169398908 0.1108363636363637 0.3304918032786886
0 0.9134181818181818 0.6947540983606557 0.09178181818181821 0.2602185792349727
0 0.18483636363636363 0.6687431693989071 0.14803636363636366 0.33825136612021844
0 0.055854545454545455 0.6492349726775957 0.11167272727272727 0.3408743169398907