2 0.6143430656934307 0.6383152173913044 0.23113138686131382 0.45934782608695657
2 0.38667883211678833 0.6389673913043478 0.24854014598540144 0.4942934782608695
2 0.20463503649635037 0.6059782608695652 0.1763868613138686 0.3532608695652174
2 0.07908759124087592 0.538695652173913 0.15813868613138685 0.37913043478260866
2 0.8094525547445255 0.6447826086956522 0.14857664233576634 0.3842934782608696
2 0.9288321167883211 0.5869565217391305 0.14233576642335766 0.391304347826087
2 0.17594890510948905 0.2442934782608695 0.1537956204379562 0.4089130434782609
2 0.059963503649635035 0.27538043478260865 0.11992700729927007 0.2846739130434782
2 0.3310583941605839 0.2617934782608695 0.1581386861313869 0.39467391304347826
2 0.44883211678832113 0.31934782608695655 0.11905109489051097 0.3157608695652174
2 0.5609124087591241 0.2611413043478262 0.14857664233576634 0.33902173913043476
2 0.6947445255474453 0.3070652173913043 0.12427007299270078 0.30407608695652166
2 0.8302919708029197 0.24239130434782605 0.16248175182481744 0.4593478260869564
2 0.9422992700729927 0.267608695652174 0.11540145985401462 0.33641304347826073