2 0.6143430656934307 0.36168478260869563 0.23113138686131382 0.45934782608695657
2 0.38667883211678833 0.36103260869565224 0.24854014598540144 0.4942934782608695
2 0.20463503649635037 0.39402173913043476 0.1763868613138686 0.3532608695652174
2 0.07908759124087592 0.4613043478260869 0.15813868613138685 0.37913043478260866
2 0.8094525547445255 0.3552173913043478 0.14857664233576634 0.3842934782608696
2 0.9288321167883211 0.41304347826086957 0.14233576642335766 0.391304347826087
2 0.17594890510948905 0.7557065217391304 0.1537956204379562 0.4089130434782609
2 0.059963503649635035 0.7246195652173913 0.11992700729927007 0.2846739130434782
2 0.3310583941605839 0.7382065217391305 0.1581386861313869 0.39467391304347826
2 0.44883211678832113 0.6806521739130434 0.11905109489051091 0.3157608695652174
2 0.5609124087591241 0.7388586956521739 0.14857664233576634 0.33902173913043476
2 0.6947445255474453 0.6929347826086957 0.12427007299270078 0.30407608695652166
2 0.8302919708029197 0.7576086956521739 0.16248175182481744 0.4593478260869564
2 0.9422992700729927 0.7323913043478261 0.11540145985401462 0.33641304347826084