2 0.3856569343065693 0.6383152173913044 0.23113138686131382 0.45934782608695657
2 0.6133211678832117 0.6389673913043478 0.24854014598540156 0.4942934782608695
2 0.7953649635036497 0.6059782608695652 0.17638686131386855 0.3532608695652174
2 0.9209124087591241 0.538695652173913 0.158138686131387 0.37913043478260866
2 0.19054744525547448 0.6447826086956522 0.14857664233576634 0.3842934782608696
2 0.07116788321167883 0.5869565217391305 0.14233576642335766 0.391304347826087
2 0.8240510948905109 0.2442934782608695 0.15379562043795617 0.4089130434782609
2 0.9400364963503649 0.27538043478260865 0.11992700729927012 0.2846739130434782
2 0.6689416058394161 0.2617934782608695 0.158138686131387 0.39467391304347826
2 0.5511678832116789 0.31934782608695655 0.11905109489051097 0.3157608695652174
2 0.43908759124087593 0.2611413043478262 0.14857664233576634 0.33902173913043476
2 0.3052554744525547 0.3070652173913043 0.12427007299270078 0.30407608695652166
2 0.16970802919708028 0.24239130434782605 0.16248175182481744 0.4593478260869564
2 0.05770072992700731 0.267608695652174 0.11540145985401462 0.33641304347826073