1 0.6542944785276074 0.2987012987012987 0.0950920245398773 0.161038961038961
1 0.5435582822085889 0.2558441558441558 0.09815950920245399 0.16363636363636366
1 0.401840490797546 0.24870129870129867 0.08711656441717784 0.138961038961039
1 0.28926380368098165 0.27662337662337666 0.0693251533742332 0.11688311688311688
1 0.7337423312883435 0.8097402597402596 0.09325153374233122 0.12337662337662338
1 0.7981595092024539 0.8487012987012986 0.07239263803680988 0.1649350649350648
1 0.580674846625767 0.7707792207792209 0.08527607361963194 0.1441558441558441
1 0.4785276073619632 0.7474025974025974 0.06625766871165652 0.18051948051948058
1 0.38128834355828223 0.7402597402597403 0.08159509202453995 0.19220779220779236
1 0.13435582822085892 0.8129870129870129 0.08466257668711663 0.15584415584415584
1 0.155521472392638 0.4883116883116883 0.07423312883435597 0.13506493506493514