1 0.3457055214723926 0.2987012987012987 0.09509202453987725 0.161038961038961
1 0.4564417177914111 0.2558441558441558 0.09815950920245399 0.16363636363636366
1 0.598159509202454 0.24870129870129867 0.08711656441717784 0.13896103896103898
1 0.7107361963190184 0.27662337662337666 0.0693251533742332 0.11688311688311688
1 0.26625766871165646 0.8097402597402596 0.0932515337423313 0.12337662337662328
1 0.201840490797546 0.8487012987012986 0.0723926380368098 0.16493506493506488
1 0.4193251533742331 0.7707792207792209 0.08527607361963194 0.14415584415584418
1 0.5214723926380368 0.7474025974025974 0.06625766871165652 0.18051948051948058
1 0.6187116564417178 0.7402597402597403 0.08159509202453995 0.19220779220779227
1 0.8656441717791411 0.8129870129870129 0.08466257668711663 0.15584415584415576
1 0.844478527607362 0.4883116883116883 0.07423312883435597 0.13506493506493514