2 0.6895278969957082 0.3779166666666666 0.13304721030042918 0.23175925925925928
2 0.5779828326180257 0.38324074074074077 0.1379828326180257 0.23888888888888887
0 0.4577682403433476 0.3810185185185185 0.13218884120171678 0.24152777777777776
0 0.3342489270386266 0.3756944444444445 0.09669527896995708 0.19518518518518516
0 0.2454077253218884 0.3636574074074074 0.11072961373390557 0.21749999999999994
0 0.6767381974248927 0.5775462962962963 0.09751072961373403 0.20680555555555563
0 0.5746781115879829 0.5700000000000001 0.09832618025751078 0.2058796296296297
0 0.4933047210300429 0.558425925925926 0.11072961373390562 0.1791666666666666
0 0.7709012875536481 0.5606481481481481 0.12394849785407723 0.25847222222222216
0 0.8568669527896996 0.5321296296296296 0.10081545064377687 0.21925925925925932
0 0.33008583690987126 0.5717592592592593 0.09832618025751072 0.2272685185185186
0 0.41686695278969954 0.5601851851851852 0.10991416309012882 0.2183796296296297
0 0.24210300429184547 0.582037037037037 0.10081545064377684 0.19787037037037042
0 0.1950214592274678 0.37032407407407403 0.09253218884120172 0.22370370370370368
2 0.1607296137339056 0.5494907407407408 0.09004291845493564 0.16490740740740742