2 0.31047210300429184 0.6220833333333333 0.13304721030042918 0.23175925925925928
2 0.4220171673819743 0.6167592592592592 0.13798283261802566 0.23888888888888873
0 0.5422317596566524 0.6189814814814815 0.13218884120171678 0.24152777777777784
0 0.6657510729613734 0.6243055555555556 0.09669527896995696 0.1951851851851853
0 0.7545922746781115 0.6363425925925925 0.11072961373390562 0.21750000000000008
0 0.3232618025751073 0.4224537037037037 0.09751072961373403 0.20680555555555563
0 0.4253218884120171 0.43 0.09832618025751083 0.20587962962962975
0 0.5066952789699571 0.44157407407407406 0.11072961373390562 0.1791666666666666
0 0.2290987124463519 0.4393518518518519 0.12394849785407723 0.25847222222222216
0 0.1431330472103004 0.4678703703703704 0.10081545064377687 0.21925925925925932
0 0.6699141630901287 0.42824074074074076 0.09832618025751083 0.22726851851851868
0 0.5831330472103005 0.4398148148148148 0.10991416309012882 0.2183796296296297
0 0.7578969957081545 0.417962962962963 0.10081545064377687 0.19787037037037042
0 0.8049785407725322 0.6296759259259259 0.09253218884120172 0.22370370370370368
2 0.8392703862660945 0.4505092592592593 0.0900429184549357 0.16490740740740742