0 0.5688709677419355 0.3234567901234568 0.19825806451612896 0.3742592592592593
0 0.3890967741935484 0.3504320987654322 0.200258064516129 0.44370370370370366
0 0.252 0.3812962962962963 0.11425806451612909 0.34592592592592597
0 0.13977419354838705 0.3459259259259259 0.14516129032258066 0.398641975308642
0 0.7234516129032258 0.33759259259259256 0.13641935483870957 0.28419753086419747
0 0.8373548387096774 0.297716049382716 0.14516129032258066 0.3948148148148148
0 0.9039032258064515 0.2970987654320988 0.07393548387096761 0.26493827160493827
0 0.716741935483871 0.6423456790123457 0.12029032258064504 0.3639506172839505
0 0.5954193548387097 0.6308024691358024 0.12903225806451613 0.3511111111111111
0 0.4936129032258065 0.6101851851851852 0.12029032258064523 0.34080246913580253
0 0.3870967741935484 0.6262962962962962 0.11022580645161295 0.28037037037037027
0 0.2859677419354839 0.6314197530864198 0.10283870967741934 0.2495061728395061
0 0.1932258064516129 0.7124691358024692 0.10012903225806458 0.34462962962962973
0 0.1186129032258064 0.6577777777777778 0.07190322580645149 0.2816666666666666
0 0.823258064516129 0.6044444444444445 0.12232258064516134 0.3189506172839505