0 0.43112903225806454 0.6765432098765432 0.19825806451612896 0.37425925925925924
0 0.6109032258064516 0.6495679012345679 0.200258064516129 0.44370370370370366
0 0.748 0.6187037037037036 0.11425806451612909 0.345925925925926
0 0.860225806451613 0.6540740740740741 0.14516129032258066 0.39864197530864187
0 0.2765483870967742 0.6624074074074074 0.13641935483870965 0.2841975308641973
0 0.16264516129032258 0.702283950617284 0.14516129032258066 0.3948148148148147
0 0.09609677419354838 0.7029012345679012 0.07393548387096775 0.2649382716049384
0 0.28325806451612906 0.3576543209876543 0.12029032258064513 0.3639506172839505
0 0.4045806451612904 0.36919753086419754 0.12903225806451613 0.3511111111111111
0 0.5063870967741935 0.38981481481481484 0.12029032258064523 0.34080246913580253
0 0.6129032258064516 0.37370370370370376 0.11022580645161295 0.28037037037037027
0 0.7140322580645161 0.3685802469135802 0.10283870967741934 0.2495061728395061
0 0.8067741935483871 0.2875308641975309 0.10012903225806458 0.34462962962962973
0 0.8813870967741936 0.3422222222222222 0.07190322580645149 0.2816666666666666
0 0.17674193548387096 0.39555555555555555 0.1223225806451613 0.3189506172839505