0 0.43112903225806454 0.3234567901234568 0.198258064516129 0.3742592592592593
0 0.6109032258064516 0.3504320987654322 0.200258064516129 0.44370370370370366
0 0.748 0.3812962962962963 0.11425806451612909 0.34592592592592597
0 0.860225806451613 0.3459259259259259 0.14516129032258066 0.398641975308642
0 0.2765483870967742 0.33759259259259256 0.13641935483870965 0.28419753086419747
0 0.16264516129032258 0.297716049382716 0.14516129032258066 0.3948148148148148
0 0.09609677419354838 0.2970987654320988 0.07393548387096775 0.26493827160493827
0 0.28325806451612906 0.6423456790123457 0.12029032258064513 0.36395061728395056
0 0.4045806451612904 0.6308024691358024 0.12903225806451618 0.3511111111111111
0 0.5063870967741935 0.6101851851851852 0.12029032258064523 0.34080246913580253
0 0.6129032258064516 0.6262962962962962 0.11022580645161295 0.28037037037037027
0 0.7140322580645161 0.6314197530864198 0.10283870967741934 0.2495061728395061
0 0.8067741935483871 0.7124691358024692 0.10012903225806458 0.34462962962962973
0 0.8813870967741936 0.6577777777777778 0.07190322580645149 0.2816666666666666
0 0.17674193548387096 0.6044444444444445 0.1223225806451613 0.3189506172839505