0 0.5897241379310344 0.3644252873563218 0.1810344827586207 0.31086206896551727
0 0.7378620689655173 0.3578735632183908 0.13244827586206886 0.30304597701149427
0 0.8416896551724138 0.4258045977011494 0.10972413793103446 0.2664367816091955
0 0.6457586206896551 0.6014942528735632 0.14106896551724127 0.24683908045977004
0 0.5266551724137931 0.6086781609195402 0.1191379310344828 0.22465517241379312
0 0.42827586206896545 0.5904022988505747 0.11520689655172403 0.21942528735632189
0 0.4134137931034482 0.35333333333333333 0.18572413793103454 0.28867816091954024
0 0.2543103448275862 0.36637931034482757 0.11206896551724138 0.27298850574712646
0 0.31975862068965516 0.6080459770114942 0.12537931034482763 0.2599425287356321
0 0.7676206896551725 0.6067241379310344 0.15124137931034487 0.22597701149425284
0 0.20924137931034484 0.595632183908046 0.1206896551724138 0.2664367816091953