0 0.4102758620689656 0.3644252873563218 0.1810344827586207 0.31086206896551727
0 0.26213793103448274 0.3578735632183908 0.13244827586206895 0.30304597701149427
0 0.15831034482758619 0.4258045977011494 0.10972413793103446 0.2664367816091955
0 0.35424137931034483 0.6014942528735632 0.14106896551724138 0.24683908045977004
0 0.47334482758620694 0.6086781609195402 0.1191379310344828 0.22465517241379312
0 0.5717241379310345 0.5904022988505747 0.11520689655172403 0.21942528735632189
0 0.5865862068965517 0.35333333333333333 0.18572413793103454 0.28867816091954024
0 0.7456896551724138 0.36637931034482757 0.11206896551724138 0.27298850574712646
0 0.6802413793103449 0.6080459770114942 0.12537931034482763 0.2599425287356321
0 0.2323793103448276 0.6067241379310344 0.1512413793103448 0.22597701149425284
0 0.7907586206896552 0.595632183908046 0.1206896551724138 0.2664367816091953